74324010168315603253459062357069989159082621865167493096812701616270224104702777723624385432776143971476608221908458738239814211333790892955952176329998214713612702452155549311528596332167975736433829353137781414060093546317478088072986982337964693590793920317549614356934342848043391457921917384445737608458
57478634957389750911372259885156154786355193767095814723248977699172198204058524076549192694462024960314772211579727396394318148506959143346452728070501329001290978811247738776815437747797951491895739167779373372404893871705519426063619486221689638970240133631317981188637384235481829354373136567881009010396
133793876767649529607894439610386013219151685104891713673562136205465071665278232018797808463177686310286362980455684655596876900396832481956708403915845943481590539983457015011033977297009065058884113401257745561395135725555975911697622680309782173020803259464279966731122255388598265233594178576826176110593
858065454658120837
24003842822580202641345203247156633323417067705675163313280996134940360393461460698665331743048695301399134171585724594924101243559063653108101769382679611714071991281659111105280109224385477349937162361929753379495347912095770882271177884688372572831326199789527234328169618129784368030246758459810025755686
112121761144845334417801482509465574868510620241289029834943410170307844011881235311788240638710089334490949422908355990920558600891355637414415136546010186603417537246293810838197186225966530625209948821544651522385439286669482278336443803831856932386722291118739577911310427573345142211981503658364202041608
113324819868616799771975290373437692320817090767033068782339357563594658345761433726901159828562059169170036910402340030006486924184555239055427716570894767434917050414234523120710038374163763706110122585458297629622378311992303913654237618826687653900825986079020510541914519151027805643470852264942052048897
23257294682562353717
115265608426908772340154083269903087244333706952917933935381743293002754247948065068107285303406731977589346649505525953750277722756099898801924839313638076216869193624390700119311624283301145020138815701906483119779771322038466028319708390967620642958864896002933664191826608339579213258835406276779872511395
103379356828828364542281269130270500463304172668411811069363492283592420739234738708690439329481634553677399359091557398475177817320656561059657689898295638167523962808170472100158762696115071497190188386534495212286798338873663508210315959895753580020123109775681852102702032935209436702333787963691489114825
135464961547400879197321660274290714527990922027589475027337826310776131290570559267886170613683606245632291497779460410982054388055755851680635715006834402029903170358380179682306588364944477705239838404902018047791907541640108987763361914374774708866497953422673401582102025781212095977322702350722134966273
889633471932442146733
